Snow4,1161,1637,16,16
Snow5,1178,1637,16,16
stickFigure,1026,514,128,128
textBox,0,0,512,512
tree,1026,643,128,128
wheel,1026,772,128,128
yellow,1026,901,128,128
yellowHover,1026,1030,128,128
blue,1026,1159,128,128
blueHover,1026,1288,128,128
boat,1283,0,128,128
boulder,1283,129,128,128
boxClickOutline,1283,258,128,128
boxOutline,1283,387,128,128
c_idle,1283,516,128,128
c_idle2,1283,645,128,128
c_leftfoot,1283,774,128,128
c_rightfoot,1283,903,128,128
cheeseBurger,1283,1032,128,128
cursor,1161,1604,32,32
dynamite,1161,1539,64,64
f0,1283,1161,128,128
f1,1283,1290,128,128
firework1,1185,1654,8,8
firework2,1194,1654,8,8
firework3,1203,1654,8,8
firework4,1212,1654,8,8
firework5,1221,1654,8,8
firework6,1230,1654,8,8
fireworkRocket,1195,1637,16,16
green,1412,0,128,128
greenHover,1412,129,128,128
gridOutlineCorner,1412,258,128,128
gridOutlineEdge,1412,387,128,128
inventorySlot,1412,516,128,128
key,1226,1539,64,64
level1Door1,0,513,512,512
level1Door2,513,0,512,512
level1Door3,513,513,512,512
level1Door4,0,1026,512,512
level1Door5,513,1026,512,512
loadIcon,1291,1539,64,64
loadIconHover,1356,1539,64,64
moveLevelCursor,1421,1539,64,64
my_hud,1026,0,256,256
nextLevel,1412,645,128,128
nextLevelHover,1412,774,128,128
pipe90Angle,1412,903,128,128
pipe180Angle,1412,1032,128,128
pipeEnd,1412,1161,128,128
playSequence,1412,1290,128,128
playSequenceHover,0,1539,128,128
prevLevel,129,1539,128,128
prevLevelHover,258,1539,128,128
puzzleSolved,1026,257,256,256
puzzleSprite,387,1539,128,128
raindrop1,1212,1637,16,16
raindrop2,1280,1637,14,14
raindrop3,1161,1654,12,12
raindrop4,1174,1654,10,10
raindrop5,1239,1654,8,8
red,516,1539,128,128
redHover,645,1539,128,128
rubble,774,1539,128,128
saveicon,1026,1417,64,64
saveIcon2,1091,1417,64,64
saveIcon2Hover,1156,1417,64,64
simonSaysPuzzle,903,1539,128,128
simonSaysPuzzleHover,1032,1539,128,128
smoke1,1194,1604,32,32
smoke2,1227,1604,32,32
smoke3,1260,1604,32,32
smoke4,1293,1604,32,32
smoke5,1326,1604,32,32
Snow1,1229,1637,16,16
Snow2,1246,1637,16,16
Snow3,1263,1637,16,16